# python scripts/zhao2d_gradient_check.py --thermal-refinement 2   (2026-09-23, local CPU)
# Newton progress lines removed; everything else verbatim.
DUAL MESH: thermal refinement 2, 5200 thermal elements, quadrature 3
mesh h = 0.0002, 1300 elements, 1250 design variables
filter radius = 2.0 h, projection beta = 0.0
Psi_0 = 0.030833302, C_0 = 20491.09114

--- stage reference (alpha_max 1e+06, beta 0) | uniform 0.6 ---
    base converged: flow 1.86e-14, thermal 3.60e-14
     probe  qty             AD   rel @ 1e-04  rel @ 1e-05  rel @ 1e-06      best
       750  Psi   1.385796e-05      3.28e-09     8.56e-08     2.61e-07  3.28e-09
       750    C   1.839564e+01      5.75e-10     1.44e-08     2.52e-07  5.75e-10
       750    g  -1.816831e-03      4.08e-10     4.69e-09     3.20e-08  4.08e-10
       750    J   6.735930e-04      1.96e-09     1.45e-08     1.34e-07  1.96e-09
       385  Psi   6.285509e-05      2.96e-10     1.36e-09     7.59e-08  2.96e-10
       385    C  -3.578700e+01      9.80e-10     7.66e-09     9.40e-08  9.80e-10
       385    g  -2.000000e-03      2.88e-11     3.30e-09     2.72e-08  2.88e-11
       385    J   1.460396e-04      5.97e-09     1.63e-09     1.50e-07  1.63e-09
       268  Psi   5.950788e-05      2.06e-10     5.62e-09     1.34e-07  2.06e-10
       268    C  -3.679507e+01      9.76e-10     1.09e-08     2.37e-08  9.76e-10
       268    g  -2.000000e-03      2.88e-11     5.26e-10     2.72e-08  2.88e-11
       268    J   6.716279e-05      1.06e-08     1.76e-07     2.32e-06  1.06e-08
       169  Psi   6.121665e-05      5.10e-10     8.84e-09     3.40e-10  3.40e-10
       169    C  -4.082185e+01      1.06e-09     1.09e-08     2.16e-07  1.06e-09
       169    g  -2.000000e-03      2.88e-11     2.25e-09     2.72e-08  2.88e-11
       169    J  -3.384411e-06      5.68e-07     1.07e-06     6.78e-05  5.68e-07
       708  Psi   3.204643e-05      8.24e-10     2.25e-08     1.54e-08  8.24e-10
       708    C   3.908817e+00      1.54e-08     5.26e-08     1.45e-06  1.54e-08
       708    g  -2.000000e-03      2.88e-11     3.30e-09     2.83e-08  2.88e-11
       708    J   6.150508e-04      2.40e-09     1.75e-08     1.09e-07  2.40e-09
       993  Psi   1.148015e-05      2.33e-09     1.44e-08     4.09e-07  2.33e-09
       993    C   1.617466e+01      1.09e-09     2.37e-08     1.81e-07  1.09e-09
       993    g  -2.000000e-03      2.88e-11     3.30e-09     2.83e-08  2.88e-11
       993    J   5.808404e-04      1.05e-09     2.57e-08     1.98e-07  1.05e-09
      dir0  Psi   6.900301e-04      6.68e-09     3.08e-10     2.07e-09  3.08e-10
      dir0    C  -2.490628e+03      1.75e-10     1.75e-10     2.24e-09  1.75e-10
      dir0    g   1.312360e-02      2.66e-11     1.53e-10     8.73e-09  2.66e-11
      dir0    J  -4.958375e-02      1.71e-09     4.34e-10     4.49e-09  4.34e-10
      dir1  Psi  -8.614586e-03      1.07e-08     7.61e-11     6.20e-10  7.61e-11
      dir1    C   1.676952e+03      2.12e-10     1.57e-10     3.74e-10  1.57e-10
      dir1    g   1.313107e-01      2.41e-12     1.29e-10     6.36e-10  2.41e-12
      dir1    J  -9.877708e-02      1.52e-08     7.32e-11     1.84e-09  7.32e-11

--- stage reference (alpha_max 1e+06, beta 0) | non-uniform grey ---
    base converged: flow 1.57e-14, thermal 2.78e-14
     probe  qty             AD   rel @ 1e-04  rel @ 1e-05  rel @ 1e-06      best
       428  Psi   4.177491e-05      4.39e-10     2.42e-11     8.72e-08  2.42e-11
       428    C  -3.848698e+01      7.82e-11     1.00e-08     1.84e-07  7.82e-11
       428    g  -2.000000e-03      2.88e-11     5.26e-10     2.83e-08  2.88e-11
       428    J  -2.616832e-04      1.06e-09     4.77e-08     8.43e-07  1.06e-09
      1158  Psi   5.436474e-06      9.43e-09     4.48e-08     7.47e-07  9.43e-09
      1158    C   2.645463e+01      1.45e-10     2.60e-09     2.32e-08  1.45e-10
      1158    g  -2.183169e-03      1.16e-10     2.15e-09     2.76e-08  1.16e-10
      1158    J   7.336746e-04      1.57e-09     1.20e-08     1.18e-07  1.57e-09
       171  Psi   3.763764e-05      6.80e-10     7.62e-09     1.60e-09  6.80e-10
       171    C  -3.514425e+01      1.02e-09     5.16e-09     1.29e-07  1.02e-09
       171    g  -2.000000e-03      2.88e-11     5.26e-10     2.83e-08  2.88e-11
       171    J  -2.472088e-04      5.15e-09     6.80e-08     5.83e-07  5.15e-09
      1128  Psi   1.993764e-05      2.43e-09     4.53e-09     7.41e-08  2.43e-09
      1128    C   4.434125e+01      6.67e-10     5.08e-09     4.42e-08  6.67e-10
      1128    g  -2.000000e-03      2.88e-11     5.02e-09     2.72e-08  2.88e-11
      1128    J   1.405278e-03      4.64e-11     1.63e-09     8.13e-08  4.64e-11
      1020  Psi   2.203693e-05      8.97e-10     9.34e-09     1.75e-07  8.97e-10
      1020    C   3.989098e+01      6.58e-10     3.85e-09     4.63e-08  6.58e-10
      1020    g  -2.000000e-03      2.88e-11     5.02e-09     2.72e-08  2.88e-11
      1020    J   1.330730e-03      1.24e-11     3.32e-09     4.50e-08  1.24e-11
        18  Psi   4.293903e-05      3.97e-10     4.03e-09     6.87e-08  3.97e-10
        18    C  -3.787893e+01      5.23e-10     1.63e-08     1.88e-09  5.23e-10
        18    g  -1.816831e-03      4.08e-10     1.43e-09     2.91e-08  4.08e-10
        18    J  -2.279688e-04      7.64e-10     6.25e-08     2.33e-07  7.64e-10
      dir0  Psi  -2.788630e-03      1.49e-09     3.68e-11     7.72e-10  3.68e-11
      dir0    C   7.619939e+02      8.42e-09     1.51e-09     6.04e-09  1.51e-09
      dir0    g   6.758450e-02      1.56e-11     1.65e-10     4.92e-10  1.56e-11
      dir0    J  -2.662777e-02      8.41e-09     9.50e-10     3.87e-09  9.50e-10
      dir1  Psi  -6.434882e-03      5.25e-09     6.81e-12     4.38e-10  6.81e-12
      dir1    C   6.805202e+02      5.06e-10     1.05e-10     9.64e-10  1.05e-10
      dir1    g   5.857500e-02      9.24e-12     9.24e-12     1.51e-09  9.24e-12
      dir1    J  -8.774427e-02      6.33e-09     3.13e-11     2.22e-10  3.13e-11

--- stage final-alpha (alpha_max 1e+07, beta 0) | uniform 0.6 ---
    base converged: flow 1.10e-13, thermal 3.45e-14
     probe  qty             AD   rel @ 1e-04  rel @ 1e-05  rel @ 1e-06      best
       408  Psi   7.867876e-04      3.37e-10     4.95e-09     3.32e-08  3.37e-10
       408    C  -1.511396e+01      3.87e-09     5.68e-08     1.17e-07  3.87e-09
       408    g  -2.000000e-03      5.26e-10     3.30e-09     2.72e-08  5.26e-10
       408    J   1.238994e-02      3.84e-10     2.48e-09     5.98e-08  3.84e-10
       271  Psi   5.369144e-04      1.34e-09     8.21e-10     1.20e-07  8.21e-10
       271    C  -3.193271e+01      1.40e-09     4.82e-09     4.08e-08  1.40e-09
       271    g  -2.000000e-03      2.88e-11     5.26e-10     2.72e-08  2.88e-11
       271    J   7.927543e-03      1.81e-09     4.33e-10     1.51e-07  4.33e-10
       656  Psi   3.930045e-04      1.75e-09     4.58e-09     1.15e-07  1.75e-09
       656    C   1.015031e+01      4.36e-09     4.38e-08     1.18e-07  4.36e-09
       656    g  -2.000000e-03      2.88e-11     3.30e-09     2.72e-08  2.88e-11
       656    J   6.620728e-03      1.75e-09     1.60e-09     1.89e-07  1.60e-09
       838  Psi   2.835071e-04      9.47e-11     8.72e-09     1.16e-07  9.47e-11
       838    C   9.511862e+00      1.20e-10     7.28e-08     2.71e-07  1.20e-10
       838    g  -2.000000e-03      2.88e-11     3.30e-09     2.83e-08  2.88e-11
       838    J   4.829515e-03      3.95e-10     1.51e-08     1.71e-07  3.95e-10
       103  Psi   2.960534e-03      2.80e-10     4.68e-10     4.22e-09  2.80e-10
       103    C  -3.385044e+01      2.48e-09     5.58e-09     1.51e-07  2.48e-09
       103    g  -2.000000e-03      2.88e-11     2.25e-09     2.72e-08  2.88e-11
       103    J   4.718274e-02      2.83e-10     3.76e-10     8.09e-09  2.83e-10
       489  Psi   6.167933e-04      8.01e-10     4.85e-09     1.76e-08  8.01e-10
       489    C  -1.569643e+01      2.39e-10     7.87e-09     3.72e-09  2.39e-10
       489    g  -2.000000e-03      5.26e-10     2.25e-09     2.72e-08  5.26e-10
       489    J   9.619058e-03      8.63e-10     5.02e-09     4.01e-10  4.01e-10
      dir0  Psi  -1.185609e-02      1.30e-09     3.13e-10     3.43e-09  3.13e-10
      dir0    C  -2.906439e+02      4.19e-09     1.86e-10     2.40e-08  1.86e-10
      dir0    g  -8.818448e-02      8.90e-12     9.98e-12     1.06e-09  8.90e-12
      dir0    J  -1.993530e-01      1.40e-09     2.62e-10     8.51e-10  2.62e-10
      dir1  Psi   4.136601e-02      3.48e-09     1.36e-10     3.37e-10  1.36e-10
      dir1    C  -2.990598e+02      5.03e-09     1.26e-09     2.06e-08  1.26e-09
      dir1    g  -1.190014e-01      8.41e-13     7.38e-11     5.33e-10  8.41e-13
      dir1    J   6.635035e-01      3.46e-09     9.68e-11     6.99e-10  9.68e-11

--- stage final-alpha (alpha_max 1e+07, beta 0) | non-uniform grey ---
    base converged: flow 7.54e-14, thermal 2.81e-14
     probe  qty             AD   rel @ 1e-04  rel @ 1e-05  rel @ 1e-06      best
       782  Psi   3.243506e-04      1.71e-09     1.29e-09     3.72e-08  1.29e-09
       782    C   5.356651e+00      1.29e-09     4.88e-08     1.34e-06  1.29e-09
       782    g  -2.000000e-03      2.88e-11     5.26e-10     2.72e-08  2.88e-11
       782    J   5.390452e-03      1.47e-09     3.12e-09     1.00e-09  1.00e-09
      1078  Psi   2.298764e-04      5.32e-10     1.46e-08     1.24e-07  5.32e-10
      1078    C   3.772499e+01      1.15e-09     8.50e-09     2.30e-08  1.15e-09
      1078    g  -2.000000e-03      2.88e-11     5.26e-10     2.83e-08  2.88e-11
      1078    J   4.648251e-03      2.74e-10     1.17e-08     5.51e-08  2.74e-10
       185  Psi   5.229450e-04      5.05e-10     2.61e-11     7.43e-08  2.61e-11
       185    C  -3.868487e+01      1.47e-09     5.35e-10     1.60e-07  5.35e-10
       185    g  -2.000000e-03      2.88e-11     5.26e-10     2.83e-08  2.88e-11
       185    J   7.536254e-03      7.01e-10     1.83e-10     7.94e-08  1.83e-10
       468  Psi   3.889519e-04      8.43e-10     2.01e-09     5.58e-09  8.43e-10
       468    C  -2.788583e+01      2.47e-09     2.75e-08     1.51e-07  2.47e-09
       468    g  -2.000000e-03      2.88e-11     5.02e-09     2.72e-08  2.88e-11
       468    J   5.626896e-03      5.77e-10     4.13e-09     3.57e-08  5.77e-10
       249  Psi   9.112448e-03      2.59e-10     6.08e-11     3.14e-09  6.08e-11
       249    C   8.324302e+01      1.63e-10     7.16e-09     1.57e-07  1.63e-10
       249    g  -1.816831e-03      4.08e-10     1.43e-09     2.91e-08  4.08e-10
       249    J   1.498008e-01      2.44e-10     2.25e-11     2.25e-11  2.25e-11
       927  Psi   1.822029e-04      3.61e-09     4.01e-09     1.88e-08  3.61e-09
       927    C   2.438942e+01      3.87e-09     3.79e-08     6.03e-10  6.03e-10
       927    g  -2.000000e-03      2.88e-11     6.08e-09     2.83e-08  2.88e-11
       927    J   3.549768e-03      2.16e-09     4.67e-09     1.72e-08  2.16e-09
      dir0  Psi  -2.498084e-02      1.87e-09     8.52e-11     1.58e-09  8.52e-11
      dir0    C  -1.597320e+03      2.09e-09     3.08e-10     8.78e-10  3.08e-10
      dir0    g  -4.033358e-02      6.37e-12     7.62e-11     1.58e-09  6.37e-12
      dir0    J  -4.440711e-01      1.89e-09     5.26e-11     1.60e-09  5.26e-11
      dir1  Psi   2.906942e-02      2.82e-09     3.46e-11     1.56e-09  3.46e-11
      dir1    C   1.795720e+03      4.10e-09     1.48e-10     1.57e-09  1.48e-10
      dir1    g  -8.445586e-02      8.90e-12     8.90e-12     2.36e-09  8.90e-12
      dir1    J   5.152136e-01      2.93e-09     4.40e-11     1.60e-09  4.40e-11

--- stage projected (alpha_max 1e+07, beta 8) | uniform 0.6 ---
    base converged: flow 2.20e-13, thermal 6.71e-14
     probe  qty             AD   rel @ 1e-04  rel @ 1e-05  rel @ 1e-06      best
       322  Psi   3.071148e-03      2.73e-10     3.16e-09     6.78e-09  2.73e-10
       322    C  -4.058333e+01      6.52e-09     4.69e-09     3.61e-08  4.69e-09
       322    g  -4.475443e-03      1.65e-09     1.45e-09     1.10e-08  1.45e-09
       322    J   4.881219e-02      5.40e-10     3.63e-09     3.09e-08  5.40e-10
       248  Psi   4.375886e-02      1.62e-09     3.70e-10     1.77e-09  3.70e-10
       248    C   1.597557e+02      1.28e-08     1.62e-09     1.20e-08  1.62e-09
       248    g  -4.885325e-03      1.68e-09     2.07e-10     9.29e-10  2.07e-10
       248    J   7.135021e-01      1.68e-09     3.60e-10     3.60e-10  3.60e-10
       342  Psi   6.501926e-03      6.88e-11     2.40e-10     2.40e-10  6.88e-11
       342    C  -2.673759e+01      2.35e-08     1.26e-08     3.50e-08  1.26e-08
       342    g  -4.475443e-03      1.65e-09     1.03e-09     1.10e-08  1.03e-09
       342    J   1.047843e-01      1.79e-10     1.45e-09     1.94e-09  1.79e-10
       442  Psi   5.113833e-03      9.64e-11     2.29e-09     1.42e-08  9.64e-11
       442    C  -1.855344e+00      4.19e-07     1.67e-08     8.14e-08  1.67e-08
       442    g  -4.475443e-03      1.53e-09     1.45e-09     1.10e-08  1.45e-09
       442    J   8.288183e-02      1.52e-10     2.51e-09     8.94e-09  1.52e-10
        74  Psi   3.623641e-03      2.42e-09     1.04e-08     3.34e-08  2.42e-09
        74    C  -6.572192e+01      4.53e-10     9.23e-09     5.17e-08  4.53e-10
        74    g  -4.885325e-03      1.68e-09     2.07e-10     9.29e-10  2.07e-10
        74    J   5.715813e-02      2.49e-09     1.04e-08     4.77e-08  2.49e-09
       623  Psi   2.475749e-03      8.20e-11     1.94e-09     4.45e-08  8.20e-11
       623    C   3.976211e+00      8.01e-08     5.73e-08     1.43e-06  5.73e-08
       623    g  -4.475443e-03      1.65e-09     1.45e-09     1.10e-08  1.45e-09
       623    J   4.024435e-02      1.42e-10     2.06e-09     4.18e-08  1.42e-10
      dir0  Psi  -9.422698e-02      8.03e-08     7.24e-10     1.59e-10  1.59e-10
      dir0    C   2.255605e+02      2.70e-07     4.29e-09     1.91e-08  4.29e-09
      dir0    g   1.727448e-01      2.03e-08     1.67e-10     7.02e-11  7.02e-11
      dir0    J  -1.522503e+00      8.16e-08     7.78e-10     3.89e-10  3.89e-10
      dir1  Psi  -3.028914e-01      7.25e-08     7.71e-10     1.51e-12  1.51e-12
      dir1    C   2.202578e+02      3.50e-07     3.49e-09     8.90e-09  3.49e-09
      dir1    g   1.205574e-01      3.73e-08     3.79e-10     1.04e-11  1.04e-11
      dir1    J  -4.906383e+00      7.30e-08     7.81e-10     8.80e-11  8.80e-11

--- stage projected (alpha_max 1e+07, beta 8) | non-uniform grey ---
    base converged: flow 8.32e-14, thermal 3.99e-14
     probe  qty             AD   rel @ 1e-04  rel @ 1e-05  rel @ 1e-06      best
       368  Psi   1.997977e-03      2.28e-10     1.20e-09     5.74e-09  2.28e-10
       368    C  -1.953696e+02      7.18e-10     2.49e-09     6.77e-08  7.18e-10
       368    g  -7.152467e-03      3.90e-09     1.73e-10     7.59e-09  1.73e-10
       368    J   2.763248e-02      2.25e-10     4.18e-10     3.63e-09  2.25e-10
       403  Psi   4.620225e-03      1.45e-09     8.36e-10     7.57e-09  8.36e-10
       403    C   1.508105e+02      2.88e-09     1.45e-08     6.76e-08  2.88e-09
       403    g  -5.602606e-03      6.73e-10     2.10e-09     1.38e-08  6.73e-10
       403    J   7.860255e-02      1.49e-09     2.13e-11     2.28e-09  2.13e-11
       826  Psi   1.184778e-03      1.87e-09     2.82e-09     2.39e-08  1.87e-09
       826    C  -2.141304e+01      1.21e-09     9.84e-09     6.47e-07  1.21e-09
       826    g  -5.498488e-03      1.20e-10     1.90e-09     1.43e-08  1.20e-10
       826    J   1.869014e-02      2.04e-09     1.77e-09     3.50e-08  1.77e-09
       399  Psi   7.051348e-03      2.35e-09     5.76e-10     3.75e-09  5.76e-10
       399    C   8.574622e+01      2.30e-08     8.39e-09     5.53e-08  8.39e-09
       399    g  -5.269940e-03      6.95e-09     2.74e-09     5.69e-09  2.74e-09
       399    J   1.164386e-01      1.92e-09     7.38e-10     2.69e-09  7.38e-10
      1205  Psi   6.747250e-05      2.87e-09     3.17e-08     9.48e-09  2.87e-09
      1205    C   5.997218e+01      2.17e-08     4.39e-09     1.20e-07  4.39e-09
      1205    g  -6.438087e-03      1.10e-08     1.06e-09     9.29e-09  1.06e-09
      1205    J   2.557522e-03      1.29e-08     2.33e-08     1.80e-07  1.29e-08
       186  Psi   2.167264e-03      4.19e-09     4.71e-10     3.37e-09  4.71e-10
       186    C  -1.175988e+02      3.54e-09     3.26e-09     1.42e-07  3.26e-09
       186    g  -6.089234e-03      3.96e-09     1.41e-09     5.06e-09  1.41e-09
       186    J   3.227535e-02      4.36e-09     1.61e-09     1.08e-08  1.61e-09
      dir0  Psi  -2.663243e-02      2.82e-07     2.76e-09     1.82e-09  1.82e-09
      dir0    C  -9.255684e+02      4.25e-07     3.51e-09     2.32e-08  3.51e-09
      dir0    g   2.356571e-01      7.71e-08     8.36e-10     1.07e-10  1.07e-10
      dir0    J  -4.544623e-01      2.89e-07     2.79e-09     1.37e-10  1.37e-10
      dir1  Psi   5.726090e-02      1.32e-07     1.32e-09     4.50e-10  4.50e-10
      dir1    C  -4.747421e+03      1.53e-08     3.45e-10     1.49e-09  3.45e-10
      dir1    g  -1.551604e-01      2.41e-08     2.03e-10     1.06e-09  2.03e-10
      dir1    J   8.127149e-01      1.48e-07     1.45e-09     5.80e-10  5.80e-10

summary figure = max over (stage, field, probe, quantity) of min over step of relative error
  = 5.682e-07
  This is the best-step disagreement, NOT a plateau demonstration; read the per-step columns above for the trend.
gradient check passed
